 -1  -1  -1  -1  -1  -1  -1  -1  -1  -1  -1  -1  -1  -1  -1  -1  -1  -1  -1  -1  -1  -1  -1  -1  -1  -1  -1  -1
 -1   0   1   2   3   4   5   6   7   8   9  10  11  -1  -1  12  13  14  15  16  17  18  19  20  21  22  23  -1
 -1  24  -1  -1  -1  -1  25  -1  -1  -1  -1  -1  26  -1  -1  27  -1  -1  -1  -1  -1  28  -1  -1  -1  -1  29  -1
 -1  30  -1  -1  -1  -1  31  -1  -1  -1  -1  -1  32  -1  -1  33  -1  -1  -1  -1  -1  34  -1  -1  -1  -1  35  -1
 -1  36  -1  -1  -1  -1  37  -1  -1  -1  -1  -1  38  -1  -1  39  -1  -1  -1  -1  -1  40  -1  -1  -1  -1  41  -1
 -1  42  43  44  45  46  47  48  49  50  51  52  53  54  55  56  57  58  59  60  61  62  63  64  65  66  67  -1
 -1  68  -1  -1  -1  -1  69  -1  -1  70  -1  -1  -1  -1  -1  -1  -1  -1  71  -1  -1  72  -1  -1  -1  -1  73  -1
 -1  74  -1  -1  -1  -1  75  -1  -1  76  -1  -1  -1  -1  -1  -1  -1  -1  77  -1  -1  78  -1  -1  -1  -1  79  -1
 -1  80  81  82  83  84  85  -1  -1  86  87  88  89  -1  -1  90  91  92  93  -1  -1  94  95  96  97  98  99  -1
 -1  -1  -1  -1  -1  -1 100  -1  -1  -1  -1  -1 101  -1  -1 102  -1  -1  -1  -1  -1 103  -1  -1  -1  -1  -1  -1
 -1  -1  -1  -1  -1  -1 104  -1  -1  -1  -1  -1 105  -1  -1 106  -1  -1  -1  -1  -1 107  -1  -1  -1  -1  -1  -1
 -1  -1  -1  -1  -1  -1 108  -1  -1 109 110 111 112 113 114 115 116 117 118  -1  -1 119  -1  -1  -1  -1  -1  -1
 -1  -1  -1  -1  -1  -1 120  -1  -1 121  -1  -1  -1 122 123  -1  -1  -1 124  -1  -1 125  -1  -1  -1  -1  -1  -1
 -1  -1  -1  -1  -1  -1 126  -1  -1 127  -1 128 129 130 131 132 133  -1 134  -1  -1 135  -1  -1  -1  -1  -1  -1
136 137 138 139 140 141 142 143 144 145  -1 146 147 148 149 150 151  -1 152 153 154 155 156 157 158 159 160 161
 -1  -1  -1  -1  -1  -1 162  -1  -1 163  -1 164 165 166 167 168 169  -1 170  -1  -1 171  -1  -1  -1  -1  -1  -1
 -1  -1  -1  -1  -1  -1 172  -1  -1 173  -1  -1  -1  -1  -1  -1  -1  -1 174  -1  -1 175  -1  -1  -1  -1  -1  -1
 -1  -1  -1  -1  -1  -1 176  -1  -1 177 178 179 180 181 182 183 184 185 186  -1  -1 187  -1  -1  -1  -1  -1  -1
 -1  -1  -1  -1  -1  -1 188  -1  -1 189  -1  -1  -1  -1  -1  -1  -1  -1 190  -1  -1 191  -1  -1  -1  -1  -1  -1
 -1  -1  -1  -1  -1  -1 192  -1  -1 193  -1  -1  -1  -1  -1  -1  -1  -1 194  -1  -1 195  -1  -1  -1  -1  -1  -1
 -1 196 197 198 199 200 201 202 203 204 205 206 207  -1  -1 208 209 210 211 212 213 214 215 216 217 218 219  -1
 -1 220  -1  -1  -1  -1 221  -1  -1  -1  -1  -1 222  -1  -1 223  -1  -1  -1  -1  -1 224  -1  -1  -1  -1 225  -1
 -1 226  -1  -1  -1  -1 227  -1  -1  -1  -1  -1 228  -1  -1 229  -1  -1  -1  -1  -1 230  -1  -1  -1  -1 231  -1
 -1 232 233 234  -1  -1 235 236 237 238 239 240 241 242 243 244 245 246 247 248 249 250  -1  -1 251 252 253  -1
 -1  -1  -1 254  -1  -1 255  -1  -1 256  -1  -1  -1  -1  -1  -1  -1  -1 257  -1  -1 258  -1  -1 259  -1  -1  -1
 -1  -1  -1 260  -1  -1 261  -1  -1 262  -1  -1  -1  -1  -1  -1  -1  -1 263  -1  -1 264  -1  -1 265  -1  -1  -1
 -1 266 267 268 269 270 271  -1  -1 272 273 274 275  -1  -1 276 277 278 279  -1  -1 280 281 282 283 284 285  -1
 -1 286  -1  -1  -1  -1  -1  -1  -1  -1  -1  -1 287  -1  -1 288  -1  -1  -1  -1  -1  -1  -1  -1  -1  -1 289  -1
 -1 290  -1  -1  -1  -1  -1  -1  -1  -1  -1  -1 291  -1  -1 292  -1  -1  -1  -1  -1  -1  -1  -1  -1  -1 293  -1
 -1 294 295 296 297 298 299 300 301 302 303 304 305 306 307 308 309 310 311 312 313 314 315 316 317 318 319  -1
 -1  -1  -1  -1  -1  -1  -1  -1  -1  -1  -1  -1  -1  -1  -1  -1  -1  -1  -1  -1  -1  -1  -1  -1  -1  -1  -1  -1